
input\AMPA_Ranch_Yr_Regime_Mim.txt

Stratum	Effort	#samples	Width	n	D	SE	CV	90%LCL	90%UCL	df
EHpO-2015Rotational	19000.00	38	24.00000	61	236.04	33.728	14.29	186.49	298.76	122.89
EHpO-2016Rotational	25000.00	50	24.00000	37	108.81	24.951	22.93	74.625	158.66	72.96
Mim-2014Continuous	7500.000	15	24.00000	5	49.014	31.370	64.00	17.522	137.11	14.68
Mim-2014Rotational	41500.00	83	24.00000	40	70.864	16.715	23.59	48.183	104.22	118.79
Mim-2015Continuous	6500.000	13	24.00000	8	90.488	27.974	30.91	53.261	153.73	14.83
Mim-2015Rotational	23000.00	46	24.00000	40	127.86	21.989	17.20	96.295	169.78	96.26
Mim-2016Continuous	8000.000	16	24.00000	6	55.141	26.972	48.91	24.585	123.67	16.28
Mim-2016Rotational	31500.00	63	24.00000	68	158.71	30.534	19.24	115.69	217.74	12.28
